1 2 3 4 5 6 7 8 9 10:19718653:153300 7400965 473661 123289 10494891 74633 57848 527504 28622 383940
2 5 10:1237925:617734 563743 56447
1 2 3 4 5 6 7 8 9 10:18516006:203999 7624554 522356 132897 8964263 72328 28812 433715 46416 486665
1 2 3 4 5 6 7 8 9 10:12259892:86515 4706788 311730 78933 6397990 54303 35438 342038 19941 226216
1 2 3 4 5 6 7 8 9 10:103031045:959049 41119117 2303976 698183 52555520 485124 152114 2852794 164535 1740634
1 2 3 4 5 6 7 8 9 10:11670341:120267 5019642 373268 70435 5317450 46390 24042 316107 39361 343379
1 2 3 4 5 6 7 8 9 10:12424629:76650 5068494 250321 63831 6360381 53632 31504 284043 14604 221169
2 3 5 8 10:3162326:1366540 72839 1589528 76377 57042
2 5:2048248:847594 1200654
1 2 3 4 5 6 7 8 9 10:74329226:482139 30297659 1774385 468996 37635325 199066 149938 1793580 120003 1408135
1 2 3 4 5 6 7 8 9 10:27772031:214841 11150609 652695 169530 13988956 110274 88636 744570 48846 603075
2 3 5 6 8 10:3895610:1626323 53148 1994066 23642 127763 70668
1 2 3 4 5 8 9 10:4386779:39517 1821189 124795 32595 2123865 125611 11945 107262
1 2 3 4 5 6 7 8 9 10:44235316:287453 17979789 910630 265040 22588647 187052 133636 1127267 53543 702260
1 2 3 4 5 6 7 8 9 10:23796241:185110 9619977 640480 162960 11957456 84093 72340 612873 37607 423346
1 2 3 4 5 6 7 8 9 10:11928162:116356 4723588 307914 71837 6095111 55304 16232 320904 16663 204253
1 2 3 4 5 6 7 8 9 10:9865139:78792 3971452 273199 64571 4900696 46374 30203 281950 17875 200026
1 2 3 4 5 6 7 8 9 10:17565402:128205 7127363 487964 114859 8755494 72067 50896 409267 28333 390954
1 2 3 4 5 6 7 8 9 10:17298721:138584 6834134 336752 134982 8908461 63407 61078 425372 25110 370841
1 2 3 4 5 6 8 10:5242308:48137 2338858 146131 35186 2426831 20227 130030 96908
1 2 3 4 5 6 7 8 9 10:18608074:94049 7663341 346731 123976 9519935 76198 39823 470285 23608 250129
1 2 3 4 5 6 7 8 9 10:22408565:165275 9714855 465317 115039 10863826 118127 70294 527756 23541 344534
1 2 3 4 5 6 7 8 9 10:38804170:269509 14894369 861122 254511 20712034 132927 91656 918922 53524 615597
1 2 3 4 5 6 7 8 9 10:14968312:144165 6894909 360868 109804 6568104 53068 38127 433405 26769 339094
1 2 3 4 5 6 7 8 9 10:12481445:86489 4586206 276904 78115 6768889 50062 37760 307357 16692 272971
1 2 3 4 5 6 7 8 9 10:23955038:170825 9244180 589401 137280 12526740 100257 67119 610548 38394 470294
2 3 5 8 10:3353116:1438696 108773 1623952 92278 89417
1 2 3 4 5 6 8 10:6111499:51954 2513711 174507 41775 3019938 25673 169808 114133
1 2 3 4 5 6 7 8 9 10:8148446:38105 3254621 224532 34484 4173646 34095 21554 173005 22501 171903
1 2 3 4 5 8 10:4384270:36362 1908519 111859 27418 2117102 96890 86119
1 2 3 4 5 6 7 8 9 10:31356948:181577 12545795 541446 208499 16556407 107879 86773 666032 29016 433524
1 2 3 4 5 6 8 9 10:5864108:37417 2393478 167438 56234 2822599 24506 142336 17922 202177
1 2 3 4 5 6 7 8 9 10:71774653:231530 26361433 1206661 363268 40976074 354047 129897 1228014 64533 859197
1 2 3 4 5 6 7 8 9 10:30950039:265293 12928521 770773 216101 14919497 132533 90990 896499 52038 677794
1 2 3 5 8 10:2390033:32524 961208 55107 1222294 71057 47843
1 2 3 4 5 6 7 8 9 10:46296035:361305 18492502 1149077 338290 23655139 162894 108651 1148992 62089 817096
1 2 3 4 5 6 7 8 9 10:15591225:103084 5675080 426592 109039 8435468 58772 31440 388472 27182 336097
1 2 3 4 5 6 7 8 9 10:12399379:128594 5528253 334867 99708 5574343 38010 19058 391079 28426 257043
1 2 3 4 5 6 7 8 9 10:54665474:335753 21475805 1104393 333390 28682362 198816 161377 1358305 70894 944379
1 2 3 5 8 10:4163250:32450 1678040 86828 2206500 87927 71505
1 2 3 4 5 6 7 8 9 10:16251259:149951 6714714 394576 111085 7915006 55436 44750 472213 26748 366782
1 2 3 5 8 10:2920102:33033 1188900 75260 1474476 83131 65303
1 2 3 4 5 6 7 8 9 10:24724265:215833 9758443 609951 162887 12591007 112533 47119 653852 40861 531780
1 2 3 4 5 6 7 8 9 10:66903456:534035 26577202 1519860 490399 33982404 240210 175825 1825470 122344 1435706
1 2 3 4 5 6 8 9 10:5085228:46347 1970610 114225 49143 2562041 26617 152346 20043 143855
2 3 5 8 10:2173448:953621 58517 1062521 51842 46947
1 2 3 4 5 6 7 8 9 10:24283440:167087 10365648 522374 153127 11744934 99719 76975 659744 42807 451026
1 2 3 4 5 6 7 8 9 10:19594340:274517 8522045 497195 144459 9059420 61368 23321 552563 42049 417404
1 2 3 4 5 6 7 8 9 10:8784233:55157 3459435 252104 73391 4469632 33310 25163 210254 13303 192485
1 2 3 4 5 6 7 8 9 10:19825560:164614 8151745 441071 118511 9833635 78991 51743 531971 32744 420534
2 3 5 10:1599932:679206 56706 814528 49492